10,75
10,261
10,311
10,107
10,309
10,237
10,177
45,8
45,7
45,6
45,5
45,4
45,3
45,2
45,1
11,11
11,13
45,0
44,5
44,4
44,3
44,2
11,19
44,1
11,21
44,0
43,6
43,5
43,4
43,3
43,2
43,1
43,0
42,8
42,7
42,6
42,5
42,4
42,3
42,2
42,1
8,15
8,12
8,8
42,0
41,4
41,3
41,2
41,1
41,0
40,5
40,4
40,3
40,2
40,1
40,0
39,9
39,8
39,7
39,6
39,5
39,4
39,3
39,2
39,1
39,0
38,15
38,14
38,13
38,12
38,11
38,10
38,9
38,8
38,7
38,6
38,5
38,4
38,3
38,2
38,1
38,0
37,5
37,4
37,3
37,2
37,1
37,0
36,5
36,4
36,3
36,2
36,1
36,0
20,3
20,2
20,1
19,2
19,3
19,1
12,3
12,2
12,1
11,27
11,25
11,17
11,7
11,5
11,3
11,2
11,1
10,307
10,279
10,219
18,1
10,189
18,3
10,109
10,65
14,1
